79
43
33
88
76
24
15
87
91
24
99
99
49
11
77
44
22
24
33
97
67
31
15
24
77
95
94
44
34
26
33
84
32
76
33
44
77
66
99
22
32
97
79
33
55
23
36
62
99
14
88
97
86
69
22
73
93
38
87
11
76
14
63
22
56
18
67
99
34
55
74
31
33
33
84
45
73
24
87
11
72
55
33
66
77
22
88
65
11
41
28
11
54
44
88
66
96
56
33
77
39
99
61
11
77
28
33
35
63
33
67
11
28
39
33
49
89
88
38
55
34
22
77
88
66
97
85
88
61
73
91
96
68
71
95
36
22
48
93
33
44
12
89
37
22
99
86
79
81
67
66
98
82
22
88
88
16
52
77
44
53
44
87
49
14
11
44
27
73
16
13
22
43
59
51
88
88
35
68
17
66
29
96
44
89
25
22
12
35
55
77
32
79
77
11
27
48
11
57
56
22
43
93
66
65
11
26
65
88
66
88
51
59
61
99
59
44
77
16
99
77
84
44
44
19
79
99
38
87
29
55
55
77
51
51
92
88
61
43
66
11
83
12
16
64
88
33
77
99
15
61
69
68
22
54
73
51
88
97
42
62
99
95
66
66
86
97
66
88
35
81
21
81
97
49
69
11
34
99
11
94
55
31
41
22
65
56
55
96
49
82
33
72
88
37
27
58
99
33
44
82
66
12
89
95
42
76
33
86
22
79
22
66
19
16
39
19
66
55
11
45
71
88
99
32
22
62
32
39
64
84
27
68
88
84
81
77
52
99
88
17
81
88
55
13
11
66
95
91
33
13
18
66
88
88
55
88
99
48
41
77
99
88
55
88
79
66
12
55
78
94
59
85
28
22
24
38
88
76
72
59
14
89
97
33
27
55
95
45
59
14
88
75
66
44
63
84
94
94
26
33
66
55
77
55
75
74
46
73
71
11
65
37
88
65
92
77
86
77
33
22
99
63
43
11
84
33
66
29
28
98
51
22
79
43
13
66
54
33
99
88
12
65
35
91
11
33
22
94
24
33
88
28
48
38
43
42
85
55
86
25
76
77
11
56
44
53
42
78
77
99
44
78
13
37
88
13
45
66
51
35
94
11
66
66
61
99
89
77
99
57
46
34
18
66
33
44
94
92
61
33
37
22
25
83
33
34
54
45
68
68
97
22
99
88
16
33
52
79
88
33
88
63
11
28
11
99
85
77
82
82
88
84
43
18
63
52
99
66
36
66
93
44
88
77
34
17
99
22
21
11
52
42
62
93
95
66
19
63
33
44
39
22
66
66
19
66
24
23
68
22
33
19
28
64
66
79
33
37
88
11
35
99
88
34
31
13
64
11
92
18
99
68
55
57
55
25
97
46
22
62
66
38
89
11
77
36
79
11
88
11
23
64
93
56
44
77
88
14
63
43
89
88
83
99
45
49
79
42
22
15
43
55
77
55
97
32
82
25
69
11
22
48
89
88
88
55
48
22
24
11
91
85
77
67
11
41
53
16
67
75
64
96
65
38
31
22
27
77
13
28
88
33
22
55
99
23
97
13
72
97
55
83
82
64
66
77
82
88
23
21
84
57
68
23
24
74
28
54
77
92
67
32
97
58
73
81
65
98
55
33
36
55
99
88
48
44
13
82
55
87
24
87
33
55
66
34
96
55
44
89
53
34
59
88
44
21
73
76
85
44
64
58
88
24
22
11
39
58
24
47
37
16
44
52
38
15
86
91
79
58
66
22
33
83
97
84
88
99
99
88
57
55
22
54
77
21
22
88
54
34
33
18
29
64
92
11
11
88
47
42
43
71
55
13
44
88
66
22
54
22
11
22
44
44
38
11
14
65
88
75
71
64
66
44
42
85
33
55
66
52
16
44
95
33
23
88
43
15
15
85
99
44
55
52
51
67
18
37
45
35
99
72
22
69
23
15
77
99
99
77
22
79
11
43
88
99
48
71
21
53
11
17
22
33
33
47
75
88
24
83
51
84
48
66
77
54
83
59
77
68
88
58
55
32
55
76
36
99
79
82
22
89
44
36
22
44
43
22
77
68
81
51
66
33
33
77
14
75
31
53
92
11
95
11
19
53
15
22
27
11
88
66
83
57
22
29
11
58
28
22
52
22
69
41
32
48
58
56
85
66
66
77
36
33
14
77
94
65
52
43
24
68
79
66
67
33
83
38
23
19
59
23
44
88
88
11
76
43
41
66
41
49
78
75
58
11
99
55
61
61
75
29
97
23
99
33
93
88
96
77
44
41
72
66
54
22
26
44
32
